[[  10.   20.   30.   40.   50.   60.   70.   80.   90.  100.  110.  120.
   130.  140.  150.]
 [  10.   20.   30.   40.   50.   60.   70.   80.   90.  100.  110.  120.
   130.  140.  150.]
 [  10.   20.   30.   40.   50.   60.   70.   80.   90.  100.  110.  120.
   130.  140.  150.]
 [  10.   20.   30.   40.   50.   60.   70.   80.   90.  100.  110.  120.
   130.  140.  150.]
 [  10.   20.   30.   40.   50.   60.   70.   80.   90.  100.  110.  120.
   130.  140.  150.]
 [  10.   20.   30.   40.   50.   60.   70.   80.   90.  100.  110.  120.
   130.  140.  150.]
 [  10.   20.   30.   40.   50.   60.   70.   80.   90.  100.  110.  120.
   130.  140.  150.]
 [  10.   20.   30.   40.   50.   60.   70.   80.   90.  100.  110.  120.
   130.  140.  150.]
 [  10.   20.   30.   40.   50.   60.   70.   80.   90.  100.  110.  120.
   130.  140.  150.]
 [  10.   20.   30.   40.   50.   60.   70.   80.   90.  100.  110.  120.
   130.  140.  150.]
 [  10.   20.   30.   40.   50.   60.   70.   80.   90.  100.  110.  120.
   130.  140.  150.]
 [  10.   20.   30.   40.   50.   60.   70.   80.   90.  100.  110.  120.
   130.  140.  150.]
 [  10.   20.   30.   40.   50.   60.   70.   80.   90.  100.  110.  120.
   130.  140.  150.]
 [  10.   20.   30.   40.   50.   60.   70.   80.   90.  100.  110.  120.
   130.  140.  150.]
 [  10.   20.   30.   40.   50.   60.   70.   80.   90.  100.  110.  120.
   130.  140.  150.]]

[[ 0.1         0.1         0.1         0.1         0.1         0.1         0.1
   0.1         0.1         0.1         0.1         0.1         0.1         0.1
   0.1       ]
 [ 0.12857143  0.12857143  0.12857143  0.12857143  0.12857143  0.12857143
   0.12857143  0.12857143  0.12857143  0.12857143  0.12857143  0.12857143
   0.12857143  0.12857143  0.12857143]
 [ 0.15714286  0.15714286  0.15714286  0.15714286  0.15714286  0.15714286
   0.15714286  0.15714286  0.15714286  0.15714286  0.15714286  0.15714286
   0.15714286  0.15714286  0.15714286]
 [ 0.18571429  0.18571429  0.18571429  0.18571429  0.18571429  0.18571429
   0.18571429  0.18571429  0.18571429  0.18571429  0.18571429  0.18571429
   0.18571429  0.18571429  0.18571429]
 [ 0.21428571  0.21428571  0.21428571  0.21428571  0.21428571  0.21428571
   0.21428571  0.21428571  0.21428571  0.21428571  0.21428571  0.21428571
   0.21428571  0.21428571  0.21428571]
 [ 0.24285714  0.24285714  0.24285714  0.24285714  0.24285714  0.24285714
   0.24285714  0.24285714  0.24285714  0.24285714  0.24285714  0.24285714
   0.24285714  0.24285714  0.24285714]
 [ 0.27142857  0.27142857  0.27142857  0.27142857  0.27142857  0.27142857
   0.27142857  0.27142857  0.27142857  0.27142857  0.27142857  0.27142857
   0.27142857  0.27142857  0.27142857]
 [ 0.3         0.3         0.3         0.3         0.3         0.3         0.3
   0.3         0.3         0.3         0.3         0.3         0.3         0.3
   0.3       ]
 [ 0.32857143  0.32857143  0.32857143  0.32857143  0.32857143  0.32857143
   0.32857143  0.32857143  0.32857143  0.32857143  0.32857143  0.32857143
   0.32857143  0.32857143  0.32857143]
 [ 0.35714286  0.35714286  0.35714286  0.35714286  0.35714286  0.35714286
   0.35714286  0.35714286  0.35714286  0.35714286  0.35714286  0.35714286
   0.35714286  0.35714286  0.35714286]
 [ 0.38571429  0.38571429  0.38571429  0.38571429  0.38571429  0.38571429
   0.38571429  0.38571429  0.38571429  0.38571429  0.38571429  0.38571429
   0.38571429  0.38571429  0.38571429]
 [ 0.41428571  0.41428571  0.41428571  0.41428571  0.41428571  0.41428571
   0.41428571  0.41428571  0.41428571  0.41428571  0.41428571  0.41428571
   0.41428571  0.41428571  0.41428571]
 [ 0.44285714  0.44285714  0.44285714  0.44285714  0.44285714  0.44285714
   0.44285714  0.44285714  0.44285714  0.44285714  0.44285714  0.44285714
   0.44285714  0.44285714  0.44285714]
 [ 0.47142857  0.47142857  0.47142857  0.47142857  0.47142857  0.47142857
   0.47142857  0.47142857  0.47142857  0.47142857  0.47142857  0.47142857
   0.47142857  0.47142857  0.47142857]
 [ 0.5         0.5         0.5         0.5         0.5         0.5         0.5
   0.5         0.5         0.5         0.5         0.5         0.5         0.5
   0.5       ]]

[[ 173.  272.  351.  398.  470.  432.  484.  531.  597.  657.  627.  613.
   594.  602.  671.]
 [  97.  556.  580.  501.  654.  579.  559.  705.  660.  598.  712.  773.
   740.  700.  712.]
 [ 653.  630.  641.  699.  614.  715.  694.  761.  744.  802.  778.  786.
   793.  778.  872.]
 [ 561.  743.  765.  700.  793.  812.  837.  814.  810.  817.  776.  826.
   843.  832.  863.]
 [ 706.  734.  770.  774.  701.  808.  843.  830.  808.  795.  848.  826.
   869.  846.  898.]
 [ 772.  637.  774.  781.  867.  840.  871.  842.  901.  891.  891.  809.
   919.  900.  875.]
 [ 666.  795.  838.  864.  860.  904.  849.  879.  877.  859.  916.  888.
   932.  931.  934.]
 [ 667.  838.  855.  877.  880.  900.  879.  900.  835.  899.  908.  928.
   896.  928.  934.]
 [ 735.  855.  864.  862.  866.  910.  939.  922.  915.  921.  934.  944.
   906.  920.  949.]
 [ 827.  903.  898.  860.  921.  864.  921.  935.  936.  926.  908.  958.
   918.  912.  940.]
 [ 861.  863.  814.  864.  908.  909.  926.  926.  938.  950.  945.  945.
   938.  956.  962.]
 [ 782.  918.  899.  932.  889.  944.  929.  908.  900.  928.  926.  933.
   968.  964.  960.]
 [ 942.  894.  921.  928.  935.  904.  932.  946.  918.  929.  966.  934.
   956.  958.  949.]
 [ 923.  898.  907.  936.  904.  906.  931.  940.  950.  952.  929.  958.
   955.  971.  956.]
 [ 907.  950.  917.  819.  909.  943.  930.  923.  934.  947.  950.  961.
   945.  947.  947.]]

